2273 1543 2143 3041 1759 1667 1621 2441 1867 1531 3259 1213
1617 2593 3263 3203 2699 3023 2711 1979 1787 2099 3187 3511
2969 2011 2297 3229 1571 3929 2357 1931 2591 2237 3329 1289
1823 3221 3391 2579 1229 2749 3541 1259 2551 3853 1933 2677
1523 3163 3407 1049 1993 3251 3767 1597 3631 1019 2207 2549
2141 3373 1663 1087 3863 1181 3209 3643 1097 1801 3769 1307
1697 1567 1907 1637 2287 3313 1879 3923 1063 1601 1471 1583
1747 1303 3533 2903 2957 1733 1447 1657 1831 1873 2003 1489
1039 2621 3571 2281 3539 3037 2843 3557 2609 3833 2161 3559
2521 2467 3469 3011 1187 1009 2063 2753 2477 1399 3821 1481
3299 2341 1913 1321 2909 2411 3467 3491 3343 1409 1549 2707
2953 2371 1117 3877 2111 1607 2333 3881 3067 2087 2663 2243