1,194,200
2,299,244
3,269,329
4,292,55
5,211,63
6,123,311
7,212,90
8,292,169
9,359,177
10,354,95
11,101,47
12,95,79
13,95,287
14,294,126
15,81,267
16,330,78
17,202,165
18,225,178
19,266,272
20,351,326
21,180,62
22,102,178
23,151,101
24,343,145
25,205,312
26,74,193
27,221,56
28,89,89
29,242,172
30,59,138
31,83,179
32,223,88
33,297,234
34,147,351
35,226,320
36,358,338
37,321,172
38,54,122
39,263,165
40,126,341
41,64,132
42,264,306
43,72,202
44,98,49
45,238,67
46,310,303
47,277,281
48,222,318
49,357,169
50,123,225
