1518 07 31 00 54 awaken
1518 04 09 00 01 3407
1518 04 03 00 36 awaken
1518 10 24 00 03 1049
1518 03 15 00 11 asleep
1518 09 25 00 04 293
1518 07 29 00 38 asleep
1518 06 05 00 37 awaken
1518 10 10 23 59 3203
1518 09 17 00 50 awaken
1518 04 18 00 32 asleep
1518 05 19 00 39 asleep
1518 10 15 00 00 3119
1518 03 22 00 43 asleep
1518 08 31 00 54 awaken
1518 04 27 00 51 asleep
1518 11 11 00 24 asleep
1518 05 15 00 49 asleep
1518 07 15 00 58 awaken
1518 06 29 00 43 awaken
1518 06 26 00 39 awaken
1518 04 12 00 53 awaken
1518 02 21 00 02 613
1518 06 28 00 46 asleep
1518 08 25 00 57 awaken
1518 06 19 23 56 223
1518 11 12 00 59 awaken
1518 04 17 00 58 awaken
1518 09 26 00 54 awaken
1518 08 16 00 42 awaken
1518 02 24 00 22 asleep
1518 06 07 23 56 293
1518 07 12 23 56 1567
1518 09 04 00 25 asleep
1518 06 26 23 58 1747
1518 04 04 23 59 613
1518 07 23 00 52 awaken
1518 09 17 00 56 awaken
1518 04 20 00 51 asleep
1518 04 21 00 00 asleep
1518 08 23 23 56 887
1518 02 10 00 54 awaken
1518 08 15 00 48 asleep
1518 03 13 00 51 awaken
1518 04 21 00 43 asleep
1518 04 24 00 54 asleep
1518 05 22 00 04 2341
1518 11 15 00 56 awaken
1518 05 07 00 57 awaken
1518 09 14 00 38 awaken
1518 04 17 23 59 431
1518 08 27 00 02 asleep
1518 07 12 00 04 asleep
1518 03 13 00 57 asleep
1518 04 22 00 03 2357
1518 05 22 23 59 887
1518 06 08 00 10 asleep
1518 10 27 00 21 asleep
1518 07 30 00 55 awaken
1518 07 04 00 03 1031
1518 02 18 00 01 3407
1518 08 13 00 53 awaken
1518 10 19 00 18 awaken
1518 08 16 00 29 awaken
1518 02 24 23 59 1747
1518 02 15 00 41 asleep
1518 03 15 00 56 awaken
1518 04 16 00 56 awaken
1518 05 18 23 48 541
1518 08 20 00 58 awaken
1518 11 14 00 48 awaken
1518 08 20 00 36 asleep
1518 04 29 23 56 613
1518 08 03 00 27 awaken
1518 02 26 00 38 awaken
1518 03 03 00 35 asleep
1518 06 04 00 59 awaken
1518 02 18 23 49 3203
1518 05 15 00 56 awaken
1518 02 19 00 17 awaken
1518 09 17 00 04 1049
1518 05 21 00 56 awaken
1518 08 19 00 39 awaken
1518 02 22 00 17 asleep
1518 02 27 00 32 awaken
1518 04 30 00 43 asleep
1518 03 22 00 11 asleep
1518 10 09 00 11 asleep
1518 09 12 00 25 asleep
1518 03 16 00 21 awaken
1518 08 15 00 52 awaken
1518 07 19 00 44 awaken
1518 03 02 00 07 asleep
1518 04 28 00 35 awaken
1518 10 13 00 17 asleep
1518 08 08 00 33 asleep
1518 10 01 23 56 1031
1518 06 21 00 51 awaken
1518 08 08 00 03 asleep
1518 05 03 00 30 asleep
1518 10 08 00 59 awaken
1518 07 27 00 25 awaken
1518 11 07 00 48 awaken
1518 05 25 00 45 awaken
1518 05 27 00 34 asleep
1518 08 10 00 31 asleep
1518 08 08 00 48 awaken
1518 11 01 00 34 asleep
1518 07 19 00 38 asleep
1518 06 02 00 06 asleep
1518 10 15 00 29 awaken
1518 08 22 00 18 asleep
1518 08 27 00 56 awaken
1518 10 05 00 48 asleep
1518 05 19 00 13 awaken
1518 05 21 00 55 asleep
1518 03 26 00 41 awaken
1518 10 25 00 49 awaken
1518 05 23 00 51 awaken
1518 03 25 00 21 asleep
1518 10 14 00 21 awaken
1518 06 01 00 44 asleep
1518 02 27 00 39 asleep
1518 07 22 00 57 awaken
1518 09 07 23 50 503
1518 08 01 23 49 503
1518 09 11 00 02 3119
1518 07 20 00 27 asleep
1518 09 09 00 47 awaken
1518 10 10 00 01 431
1518 05 08 23 56 541
1518 08 28 00 33 asleep
1518 11 01 00 51 awaken
1518 05 19 00 04 asleep
1518 04 20 23 50 503
1518 07 05 00 55 awaken
1518 06 18 00 22 asleep
1518 07 24 00 41 awaken
1518 07 15 00 13 asleep
1518 05 06 00 46 asleep
1518 06 26 00 47 awaken
1518 06 25 00 47 awaken
1518 05 16 00 47 awaken
1518 05 14 00 18 awaken
1518 11 12 00 33 asleep
1518 06 29 23 57 3137
1518 04 05 00 55 awaken
1518 03 11 00 44 awaken
1518 04 29 00 47 awaken
1518 09 03 00 03 awaken
1518 07 18 23 56 3203
1518 06 21 00 43 asleep
1518 06 14 00 13 asleep
1518 10 08 00 37 asleep
1518 11 07 00 33 asleep
1518 02 25 23 56 3119
1518 10 18 00 09 asleep
1518 05 23 00 33 asleep
1518 08 11 00 44 awaken
1518 05 27 00 50 awaken
1518 10 27 00 00 2803
1518 06 19 00 00 1567
1518 08 02 23 48 1049
1518 02 18 00 50 awaken
1518 05 22 00 50 awaken
1518 10 15 00 38 asleep
1518 08 02 00 36 asleep
1518 09 22 00 00 3119
1518 05 16 00 51 asleep
1518 05 13 00 03 1049
1518 03 25 00 45 asleep
1518 04 18 00 57 awaken
1518 05 27 00 42 asleep
1518 04 07 00 49 awaken
1518 07 22 00 01 223
1518 05 31 00 56 awaken
1518 09 28 00 03 1061
1518 08 13 00 03 1567
1518 06 06 00 01 3137
1518 08 15 00 25 awaken
1518 11 20 00 24 asleep
1518 09 26 00 17 asleep
1518 02 14 00 02 asleep
1518 11 17 00 24 asleep
1518 08 24 00 28 awaken
1518 06 27 00 53 awaken
1518 02 13 00 04 2803
1518 07 13 00 36 asleep
1518 07 10 00 16 asleep
1518 02 16 00 00 1747
1518 10 06 00 53 awaken
1518 02 12 00 42 asleep
1518 03 31 00 48 asleep
1518 03 28 00 54 awaken
1518 09 05 23 58 887
1518 03 29 00 18 asleep
1518 03 09 23 57 503
1518 04 10 00 59 awaken
1518 09 14 00 24 asleep
1518 06 25 23 49 293
1518 06 10 23 56 1487
1518 09 23 00 42 asleep
1518 10 28 00 57 awaken
1518 11 06 00 11 asleep
1518 05 02 00 03 asleep
1518 03 19 00 14 awaken
1518 06 29 00 53 asleep
1518 04 14 00 54 awaken
1518 10 04 00 52 awaken
1518 05 14 00 59 awaken
1518 05 13 00 40 asleep
1518 04 06 00 46 asleep
1518 09 08 00 29 awaken
1518 10 30 00 40 asleep
1518 03 03 00 59 awaken
1518 05 15 00 03 2341
1518 06 10 00 00 asleep
1518 05 14 00 34 asleep
1518 03 22 00 04 1567
1518 03 27 00 00 asleep
1518 04 07 00 19 asleep
1518 08 22 00 36 awaken
1518 11 16 00 51 awaken
1518 08 26 00 45 asleep
1518 09 04 00 05 asleep
1518 07 01 00 00 asleep
1518 08 02 00 53 asleep
1518 05 16 00 05 asleep
1518 09 27 00 25 awaken
1518 09 19 00 58 awaken
1518 11 21 00 41 asleep
1518 03 21 00 59 awaken
1518 02 16 00 21 asleep
1518 03 21 00 47 asleep
1518 02 25 00 57 awaken
1518 04 11 00 00 asleep
1518 05 28 00 31 awaken
1518 07 18 00 21 awaken
1518 03 20 00 15 awaken
1518 09 26 00 01 asleep
1518 11 14 00 33 asleep
1518 08 02 00 29 awaken
1518 10 07 00 59 awaken
1518 05 19 00 55 awaken
1518 04 14 00 10 asleep
1518 10 12 00 56 awaken
1518 07 31 23 56 2803
1518 04 03 23 51 1049
1518 06 30 00 13 asleep
1518 11 02 00 03 asleep
1518 07 03 00 01 2003
1518 06 24 00 43 asleep
1518 10 29 00 46 awaken
1518 08 30 23 46 223
1518 03 24 00 22 awaken
1518 10 12 00 46 asleep
1518 06 23 23 56 1747
1518 08 27 00 24 awaken
1518 11 09 00 45 awaken
1518 05 29 23 57 887
1518 11 18 23 52 3119
1518 09 25 00 13 asleep
1518 10 30 00 02 223
1518 03 28 00 34 awaken
1518 09 16 00 43 awaken
1518 07 30 00 34 asleep
1518 09 13 00 35 asleep
1518 08 06 00 00 2341
1518 02 10 00 30 asleep
1518 07 09 00 56 awaken
1518 02 25 00 55 asleep
1518 10 24 00 54 awaken
1518 08 10 00 57 awaken
1518 07 12 00 05 awaken
1518 07 02 00 01 3407
1518 03 13 00 03 613
1518 11 15 00 21 awaken
1518 03 10 00 54 asleep
1518 05 09 00 17 asleep
1518 11 08 00 59 awaken
1518 09 04 23 56 887
1518 09 10 00 39 awaken
1518 05 14 00 06 asleep
1518 02 12 00 34 awaken
1518 09 20 00 36 asleep
1518 04 23 00 46 awaken
1518 08 16 00 04 asleep
1518 03 08 00 03 3137
1518 08 31 00 37 asleep
1518 08 07 00 35 asleep
1518 06 26 00 50 asleep
1518 04 05 23 57 2803
1518 09 14 00 02 541
1518 06 25 00 04 asleep
1518 03 29 00 00 2003
1518 02 28 23 46 1487
1518 04 25 00 01 541
1518 02 26 00 41 asleep
1518 06 06 00 21 asleep
1518 02 22 23 52 1031
1518 07 28 00 36 awaken
1518 05 29 00 26 asleep
1518 10 31 00 39 asleep
1518 09 13 00 41 awaken
1518 11 05 00 06 asleep
1518 10 26 00 56 awaken
1518 07 06 00 57 awaken
1518 07 11 00 27 asleep
1518 10 18 00 00 3407
1518 09 05 00 46 awaken
1518 10 06 00 25 asleep
1518 06 21 00 29 awaken
1518 09 05 00 49 asleep
1518 09 30 23 57 431
1518 04 25 23 56 293
1518 03 23 00 53 awaken
1518 05 10 23 56 3407
1518 06 03 00 36 awaken
1518 03 04 00 58 awaken
1518 07 27 00 33 asleep
1518 04 22 23 54 223
1518 08 06 00 35 asleep
1518 07 10 00 04 1487
1518 07 27 23 51 3011
1518 02 11 00 16 awaken
1518 09 11 00 28 asleep
1518 08 19 00 03 3119
1518 05 10 00 40 asleep
1518 09 20 00 04 613
1518 10 02 00 37 asleep
1518 05 10 00 04 431
1518 06 11 00 54 awaken
1518 05 07 00 28 asleep
1518 10 09 00 50 asleep
1518 07 17 00 39 awaken
1518 11 23 00 39 awaken
1518 05 28 00 48 asleep
1518 10 18 00 49 asleep
1518 11 04 00 04 asleep
1518 03 30 00 31 asleep
1518 02 10 23 56 2003
1518 08 03 23 57 2357
1518 03 10 23 59 431
1518 03 20 00 02 asleep
1518 03 25 00 41 awaken
1518 09 16 00 26 asleep
1518 10 27 00 13 asleep
1518 03 19 00 13 asleep
1518 02 19 23 58 3407
1518 05 01 00 36 asleep
1518 05 25 23 57 887
1518 08 09 00 14 asleep
1518 07 06 00 01 2803
1518 08 15 23 50 1567
1518 02 22 00 45 awaken
1518 07 20 00 45 awaken
1518 04 14 00 04 1487
1518 08 16 00 54 asleep
1518 07 02 00 24 asleep
1518 03 03 00 21 asleep
1518 11 22 00 15 asleep
1518 10 13 00 46 awaken
1518 03 31 23 57 541
1518 07 10 00 49 awaken
1518 02 12 00 11 asleep
1518 06 01 00 26 awaken
1518 04 09 00 17 asleep
1518 07 21 00 45 awaken
1518 08 09 00 03 503
1518 10 14 00 04 503
1518 11 15 00 00 asleep
1518 06 11 23 53 3119
1518 10 16 23 47 223
1518 03 22 00 54 awaken
1518 07 10 23 58 613
1518 05 31 00 03 2341
1518 09 30 00 04 1049
1518 02 10 00 03 3119
1518 05 14 00 38 awaken
1518 11 18 00 58 awaken
1518 10 04 00 40 asleep
1518 09 13 00 03 3137
1518 02 24 00 00 223
1518 10 13 00 23 awaken
1518 05 20 00 18 asleep
1518 10 01 00 46 asleep
1518 07 09 00 00 3011
1518 11 16 23 56 613
1518 05 29 00 50 awaken
1518 09 24 00 50 awaken
1518 11 06 00 56 awaken
1518 06 03 00 51 asleep
1518 09 22 00 48 awaken
1518 04 17 00 04 1487
1518 07 24 00 58 awaken
1518 04 28 00 28 asleep
1518 04 26 00 59 awaken
1518 04 11 23 50 1049
1518 07 04 00 53 asleep
1518 03 18 00 52 awaken
1518 05 26 00 43 asleep
1518 06 23 00 56 asleep
1518 11 23 00 19 asleep
1518 06 25 00 25 awaken
1518 11 12 00 49 asleep
1518 08 18 00 52 awaken
1518 06 23 00 16 asleep
1518 05 03 00 20 awaken
1518 06 26 00 00 asleep
1518 11 16 00 40 asleep
1518 11 09 00 04 1049
1518 04 06 00 41 awaken
1518 08 14 00 03 asleep
1518 11 13 00 11 asleep
1518 03 05 00 32 asleep
1518 03 08 00 15 asleep
1518 05 02 23 57 431
1518 11 15 00 38 awaken
1518 05 25 00 09 asleep
1518 03 07 00 38 awaken
1518 11 13 00 46 awaken
1518 07 05 00 36 awaken
1518 08 23 00 54 awaken
1518 06 22 00 31 asleep
1518 06 24 23 49 3137
1518 10 18 23 56 2003
1518 07 08 00 00 1031
1518 09 24 00 00 asleep
1518 07 30 00 30 awaken
1518 04 05 00 31 asleep
1518 10 16 00 17 asleep
1518 08 08 00 20 asleep
1518 03 01 00 56 awaken
1518 06 27 00 26 asleep
1518 04 27 00 00 293
1518 09 26 00 10 awaken
1518 03 19 00 28 asleep
1518 10 28 00 37 asleep
1518 03 19 00 58 awaken
1518 07 24 00 52 asleep
1518 10 02 00 31 awaken
1518 07 25 00 00 503
1518 06 13 00 41 awaken
1518 07 05 00 50 asleep
1518 04 27 00 48 awaken
1518 05 27 23 58 503
1518 05 29 00 01 1049
1518 03 12 00 52 awaken
1518 10 13 00 41 asleep
1518 07 16 00 03 541
1518 07 08 00 50 awaken
1518 11 17 00 57 awaken
1518 04 19 00 00 3407
1518 04 19 00 37 awaken
1518 11 14 23 51 3119
1518 08 09 23 57 3011
1518 07 25 00 31 asleep
1518 06 01 00 19 asleep
1518 06 15 23 50 223
1518 04 21 00 55 awaken
1518 10 04 00 00 613
1518 10 25 23 57 1049
1518 04 24 00 13 asleep
1518 08 30 00 50 awaken
1518 05 19 23 59 3407
1518 09 02 00 01 613
1518 06 06 23 56 3119
1518 11 18 00 36 asleep
1518 07 18 00 05 asleep
1518 10 09 00 33 awaken
1518 10 03 00 20 asleep
1518 02 17 00 33 awaken
1518 04 21 00 32 awaken
1518 04 29 00 42 asleep
1518 09 17 00 49 asleep
1518 08 22 00 02 293
1518 06 11 00 12 asleep
1518 07 14 00 55 awaken
1518 05 17 00 09 awaken
1518 08 07 00 57 awaken
1518 04 26 00 49 awaken
1518 11 10 23 59 1487
1518 07 07 00 59 awaken
1518 07 29 23 59 503
1518 03 14 00 41 asleep
1518 03 26 23 50 1567
1518 06 03 00 53 awaken
1518 11 02 00 28 awaken
1518 09 15 00 29 awaken
1518 11 18 00 00 3203
1518 10 05 00 03 asleep
1518 09 11 00 51 asleep
1518 09 06 00 53 awaken
1518 03 15 23 58 3011
1518 07 01 00 59 awaken
1518 07 14 00 47 asleep
1518 10 07 00 02 asleep
1518 02 25 00 50 awaken
1518 06 27 00 51 asleep
1518 07 02 00 11 asleep
1518 03 28 00 42 asleep
1518 07 26 00 06 asleep
1518 04 11 00 28 asleep
1518 06 26 00 54 awaken
1518 06 12 00 56 asleep
1518 09 18 00 44 asleep
1518 08 31 00 23 awaken
1518 03 12 00 55 asleep
1518 06 27 00 40 awaken
1518 04 23 00 56 asleep
1518 11 20 23 46 2341
1518 07 29 00 35 awaken
1518 05 18 00 34 asleep
1518 07 23 00 18 asleep
1518 06 01 00 46 awaken
1518 08 28 23 57 2341
1518 08 04 23 52 1487
1518 02 27 00 29 asleep
1518 04 10 23 54 3011
1518 06 22 00 02 223
1518 06 05 00 12 awaken
1518 10 05 00 43 awaken
1518 08 09 00 31 awaken
1518 07 12 00 40 awaken
1518 11 15 00 24 asleep
1518 04 24 00 48 awaken
1518 02 18 00 37 asleep
1518 10 11 00 28 asleep
1518 11 10 00 01 3011
1518 07 13 00 41 awaken
1518 04 17 00 08 asleep
1518 03 20 00 51 asleep
1518 07 26 00 30 awaken
1518 02 11 00 12 asleep
1518 06 25 00 28 asleep
1518 03 24 00 12 asleep
1518 09 05 00 10 asleep
1518 07 20 00 04 223
1518 03 26 00 33 asleep
1518 06 18 00 59 awaken
1518 10 06 00 00 1049
1518 09 09 23 51 2803
1518 07 22 00 08 asleep
1518 06 05 00 06 asleep
1518 04 20 00 11 asleep
1518 08 06 00 56 awaken
1518 10 31 00 10 asleep
1518 03 07 00 29 awaken
1518 04 02 00 21 asleep
1518 05 24 00 55 awaken
1518 04 06 00 54 awaken
1518 11 19 00 59 awaken
1518 02 22 00 01 1567
1518 04 13 00 00 613
1518 03 19 23 54 1031
1518 09 11 00 08 asleep
1518 09 21 00 52 awaken
1518 04 08 00 14 asleep
1518 07 21 00 49 asleep
1518 10 31 00 19 asleep
1518 10 14 00 35 awaken
1518 06 03 00 04 1487
1518 05 22 00 48 asleep
1518 08 08 00 21 awaken
1518 06 22 00 40 awaken
1518 08 03 00 36 asleep
1518 09 01 00 42 awaken
1518 03 01 00 05 asleep
1518 07 02 00 18 awaken
1518 07 18 00 36 asleep
1518 06 23 00 04 293
1518 10 03 00 29 awaken
1518 09 21 00 41 asleep
1518 09 19 00 29 asleep
1518 06 02 00 00 1049
1518 04 28 23 58 613
1518 11 05 00 56 awaken
1518 06 09 00 52 awaken
1518 11 20 00 25 awaken
1518 05 11 00 14 asleep
1518 09 02 23 52 1031
1518 02 26 00 44 awaken
1518 04 28 00 01 1487
1518 03 04 00 04 asleep
1518 04 20 00 52 awaken
1518 05 24 00 45 asleep
1518 05 15 23 48 2803
1518 07 16 23 58 2803
1518 03 14 00 56 awaken
1518 10 14 00 07 asleep
1518 07 13 00 58 awaken
1518 06 23 00 35 awaken
1518 10 15 00 16 asleep
1518 09 25 00 29 awaken
1518 10 21 00 12 asleep
1518 07 27 00 47 awaken
1518 04 30 00 48 awaken
1518 05 15 00 52 awaken
1518 11 06 00 01 1049
1518 02 16 00 51 awaken
1518 04 16 00 27 asleep
1518 05 12 00 00 3119
1518 11 08 00 48 asleep
1518 08 29 00 57 awaken
1518 04 15 00 24 asleep
1518 05 22 00 34 awaken
1518 07 21 00 53 awaken
1518 05 30 00 57 awaken
1518 04 14 23 56 3407
1518 07 08 00 10 asleep
1518 08 30 00 27 asleep
1518 08 09 00 39 asleep
1518 06 19 00 46 asleep
1518 08 14 23 56 887
1518 11 20 00 58 awaken
1518 08 06 23 56 3011
1518 05 31 00 42 awaken
1518 09 11 00 15 awaken
1518 03 10 00 57 awaken
1518 09 03 23 51 431
1518 07 13 00 47 asleep
1518 10 25 00 14 asleep
1518 07 12 00 08 asleep
1518 08 28 00 02 3119
1518 09 22 00 27 asleep
1518 04 13 00 49 awaken
1518 06 26 00 35 asleep
1518 05 27 00 55 asleep
1518 03 07 00 54 awaken
1518 11 15 00 52 asleep
1518 03 12 00 56 awaken
1518 11 09 00 28 asleep
1518 06 04 00 37 asleep
1518 08 02 00 01 asleep
1518 07 31 00 45 asleep
1518 08 27 00 54 asleep
1518 05 16 00 30 awaken
1518 08 14 00 43 awaken
1518 05 30 00 51 asleep
1518 08 31 00 03 asleep
1518 06 09 23 53 293
1518 06 19 00 47 awaken
1518 11 15 23 57 223
1518 06 20 00 58 awaken
1518 10 11 23 56 503
1518 05 26 00 50 awaken
1518 05 26 23 57 887
1518 06 06 00 43 asleep
1518 06 03 00 31 asleep
1518 09 04 00 21 awaken
1518 03 25 00 58 awaken
1518 06 21 00 19 asleep
1518 02 14 00 42 asleep
1518 11 13 00 04 3407
1518 03 24 00 35 asleep
1518 06 14 00 52 awaken
1518 08 16 00 58 awaken
1518 07 30 23 59 431
1518 03 30 00 00 223
1518 06 23 00 57 awaken
1518 11 03 23 53 3137
1518 03 15 00 55 asleep
1518 03 09 00 33 awaken
1518 11 07 00 00 3011
1518 03 06 00 26 asleep
1518 10 19 00 10 asleep
1518 11 08 00 04 1567
1518 09 06 00 13 asleep
1518 05 07 00 00 541
1518 05 13 00 56 awaken
1518 08 30 00 46 asleep
1518 07 28 23 58 1747
1518 06 28 00 02 541
1518 11 10 00 31 asleep
1518 06 06 00 47 awaken
1518 08 02 00 44 awaken
1518 03 23 00 07 asleep
1518 06 08 00 27 awaken
1518 10 22 00 59 awaken
1518 08 24 00 20 asleep
1518 09 22 00 59 awaken
1518 05 01 00 29 awaken
1518 10 12 00 39 awaken
1518 03 02 00 48 awaken
1518 02 14 00 31 awaken
1518 07 08 00 42 asleep
1518 04 25 00 22 awaken
1518 08 08 00 53 awaken
1518 06 30 00 43 awaken
1518 08 07 23 46 3203
1518 10 31 00 36 awaken
1518 08 09 00 41 awaken
1518 06 20 00 55 asleep
1518 09 03 00 52 awaken
1518 05 28 00 38 awaken
1518 08 23 00 00 1031
1518 05 27 00 56 awaken
1518 06 12 00 05 asleep
1518 06 17 23 58 887
1518 07 04 23 57 1031
1518 02 21 00 25 asleep
1518 08 29 00 54 asleep
1518 08 19 00 54 awaken
1518 09 15 00 04 1049
1518 03 22 00 21 awaken
1518 09 18 00 51 awaken
1518 03 23 23 58 431
1518 10 10 00 25 asleep
1518 02 12 00 44 awaken
1518 02 15 00 12 asleep
1518 11 03 00 53 awaken
1518 09 06 00 16 awaken
1518 11 11 00 57 awaken
1518 02 10 00 11 asleep
1518 06 02 00 40 awaken
1518 08 28 00 17 asleep
1518 07 14 00 36 awaken
1518 06 01 00 02 3203
1518 05 05 00 03 1567
1518 05 28 00 54 awaken
1518 10 15 00 48 awaken
1518 07 05 00 27 asleep
1518 06 04 00 00 541
1518 07 14 00 06 asleep
1518 09 11 00 53 awaken
1518 11 04 23 56 503
1518 03 13 00 46 asleep
1518 07 08 00 37 awaken
1518 07 24 00 28 asleep
1518 04 25 00 09 asleep
1518 04 26 00 20 asleep
1518 08 05 00 37 awaken
1518 09 19 00 00 2803
1518 03 27 00 23 awaken
1518 04 08 00 03 503
1518 02 12 00 03 431
1518 07 06 00 24 asleep
1518 04 06 00 30 asleep
1518 02 15 00 57 awaken
1518 10 20 00 35 asleep
1518 02 16 23 56 3137
1518 03 22 00 47 asleep
1518 06 24 00 44 awaken
1518 08 13 23 48 3407
1518 05 17 00 25 asleep
1518 08 20 00 01 613
1518 11 02 00 37 asleep
1518 02 20 00 23 asleep
1518 06 15 00 37 asleep
1518 08 19 00 24 asleep
1518 05 10 00 32 awaken
1518 10 24 00 46 asleep
1518 06 20 23 59 613
1518 03 26 00 03 1049
1518 08 15 00 44 asleep
1518 05 01 00 18 asleep
1518 11 13 23 56 3407
1518 05 18 00 18 asleep
1518 04 03 00 03 3407
1518 04 19 00 56 awaken
1518 05 15 00 55 asleep
1518 11 10 00 40 awaken
1518 08 29 00 22 asleep
1518 07 17 23 54 1049
1518 03 05 23 56 1049
1518 05 12 00 28 asleep
1518 08 26 23 53 1487
1518 08 30 00 37 awaken
1518 02 13 23 47 3011
1518 05 02 00 34 awaken
1518 09 08 00 02 asleep
1518 10 05 00 50 awaken
1518 05 06 00 58 awaken
1518 04 28 00 50 asleep
1518 07 16 00 51 asleep
1518 07 18 00 41 awaken
1518 09 12 00 04 613
1518 05 30 00 43 awaken
1518 05 04 00 26 asleep
1518 06 05 00 56 awaken
1518 08 02 00 57 awaken
1518 11 20 00 38 asleep
1518 05 30 00 17 asleep
1518 09 03 00 23 asleep
1518 03 23 00 04 613
1518 09 29 00 59 awaken
1518 06 05 00 54 asleep
1518 10 23 00 55 asleep
1518 09 20 00 51 awaken
1518 08 11 00 28 asleep
1518 06 14 00 25 asleep
1518 10 19 00 40 awaken
1518 08 21 00 48 awaken
1518 05 31 00 52 asleep
1518 07 23 23 58 2003
1518 08 20 23 56 1049
1518 09 23 23 46 293
1518 05 23 00 37 awaken
1518 04 09 00 58 awaken
1518 05 04 00 57 awaken
1518 03 15 00 34 awaken
1518 08 20 00 38 awaken
1518 06 12 00 41 awaken
1518 08 07 00 11 asleep
1518 10 26 00 50 awaken
1518 03 20 00 54 awaken
1518 04 11 00 13 awaken
1518 07 14 00 03 3011
1518 03 24 00 48 awaken
1518 04 13 00 44 asleep
1518 03 07 00 17 asleep
1518 08 01 00 35 asleep
1518 08 24 00 42 awaken
1518 02 16 00 33 awaken
1518 10 16 00 54 awaken
1518 09 30 00 20 asleep
1518 02 23 00 01 asleep
1518 09 21 00 59 awaken
1518 04 20 00 44 awaken
1518 06 30 23 50 3119
1518 04 15 00 41 awaken
1518 11 18 00 39 awaken
1518 05 17 00 06 asleep
1518 05 20 00 31 awaken
1518 05 16 00 52 awaken
1518 02 27 23 56 223
1518 11 19 00 40 asleep
1518 11 21 00 05 asleep
1518 06 24 00 59 awaken
1518 05 23 00 54 asleep
1518 07 10 00 52 asleep
1518 03 02 00 00 613
1518 06 13 00 00 503
1518 05 27 00 39 awaken
1518 05 03 00 47 awaken
1518 05 07 23 58 887
1518 04 12 00 04 asleep
1518 08 29 00 45 awaken
1518 05 08 00 29 asleep
1518 06 17 00 38 awaken
1518 10 01 00 47 awaken
1518 04 07 00 24 awaken
1518 06 24 00 57 asleep
1518 08 15 00 45 awaken
1518 08 08 00 51 asleep
1518 06 17 00 00 223
1518 06 12 00 58 awaken
1518 04 30 00 56 awaken
1518 03 03 23 48 887
1518 06 08 23 58 3203
1518 05 01 23 46 613
1518 07 26 23 57 2003
1518 10 30 23 58 3011
1518 02 23 00 56 awaken
1518 03 13 23 58 223
1518 05 11 00 38 awaken
1518 08 30 00 01 613
1518 05 03 00 08 asleep
1518 06 13 00 07 asleep
1518 06 10 00 55 awaken
1518 10 29 00 17 asleep
1518 08 11 23 57 1061
1518 10 21 00 49 awaken
1518 03 28 00 00 3203
1518 09 19 00 56 asleep
1518 05 05 00 23 asleep
1518 04 20 00 00 1487
1518 04 19 00 40 asleep
1518 07 03 00 45 awaken
1518 07 28 00 59 awaken
1518 09 07 00 37 awaken
1518 02 16 00 38 asleep
1518 05 24 00 48 awaken
1518 08 26 00 50 awaken
1518 07 29 00 53 awaken
1518 05 17 00 52 awaken
1518 10 31 00 53 awaken
1518 06 26 00 23 awaken
1518 08 15 00 17 asleep
1518 06 28 00 51 awaken
1518 07 30 00 17 asleep
1518 03 28 00 11 asleep
1518 10 26 00 55 asleep
1518 04 09 23 52 2803
1518 08 28 00 26 awaken
1518 09 08 23 56 3011
1518 03 03 00 00 2803
1518 08 17 00 28 awaken
1518 09 09 00 07 asleep
1518 07 21 00 09 asleep
1518 03 31 00 03 223
1518 11 11 23 56 3119
1518 10 20 00 48 awaken
1518 10 12 23 57 1747
1518 02 27 00 56 awaken
1518 10 17 00 58 awaken
1518 10 10 00 33 awaken
1518 02 21 00 32 awaken
1518 06 16 00 00 asleep
1518 05 23 23 59 3407
1518 06 14 23 57 3011
1518 05 05 23 51 1031
1518 09 02 00 50 awaken
1518 03 05 00 39 awaken
1518 05 09 00 49 awaken
1518 08 08 00 12 awaken
1518 03 07 00 50 asleep
1518 07 11 23 47 3407
1518 05 10 00 55 awaken
1518 03 29 00 21 awaken
1518 05 18 00 52 awaken
1518 09 11 00 47 awaken
1518 05 28 00 36 asleep
1518 05 23 00 57 awaken
1518 05 14 00 49 asleep
1518 10 15 23 59 887
1518 06 09 00 46 asleep
1518 09 26 23 51 3407
1518 10 12 00 27 asleep
1518 09 21 00 00 503
1518 11 03 00 26 asleep
1518 09 02 00 36 asleep
1518 04 01 00 52 awaken
1518 04 24 00 56 awaken
1518 04 24 00 03 1567
1518 10 08 23 59 3407
1518 06 15 00 55 asleep
1518 09 12 00 58 awaken
1518 02 27 00 04 1049
1518 08 26 00 00 613
1518 03 15 00 02 2803
1518 03 09 00 26 asleep
1518 05 28 00 23 asleep
1518 11 21 00 35 asleep
1518 03 06 00 52 awaken
1518 02 20 00 48 awaken
1518 06 28 23 58 1487
1518 04 16 00 00 541
1518 03 05 00 01 887
1518 10 11 00 49 awaken
1518 05 16 00 34 asleep
1518 08 28 00 41 awaken
1518 02 26 00 17 asleep
1518 03 04 00 56 asleep
1518 07 04 00 59 awaken
1518 03 06 23 59 541
1518 04 02 00 00 3137
1518 10 18 00 45 awaken
1518 04 23 00 11 awaken
1518 10 21 00 00 223
1518 11 04 00 45 awaken
1518 03 17 00 00 541
1518 05 17 23 56 1487
1518 05 18 00 21 awaken
1518 07 28 00 52 asleep
1518 04 23 00 34 asleep
1518 10 22 00 02 1031
1518 11 22 23 58 223
1518 11 19 23 57 1747
1518 08 24 00 39 asleep
1518 05 06 00 03 asleep
1518 09 10 00 36 asleep
1518 10 19 23 58 2341
1518 04 01 00 06 asleep
1518 05 12 00 49 awaken
1518 03 18 00 02 3119
1518 09 16 00 02 2803
1518 03 08 00 49 asleep
1518 07 11 00 58 awaken
1518 07 10 00 58 awaken
1518 09 29 00 22 asleep
1518 04 02 00 42 awaken
1518 05 20 23 58 293
1518 07 09 00 24 asleep
1518 03 11 23 58 431
1518 10 03 00 02 3137
1518 06 05 00 02 2803
1518 07 03 00 25 asleep
1518 10 09 00 51 awaken
1518 10 22 23 59 2341
1518 09 01 00 07 asleep
1518 06 06 00 29 awaken
1518 11 18 00 42 asleep
1518 05 24 00 52 asleep
1518 09 23 00 00 1031
1518 09 22 00 54 asleep
1518 08 05 00 01 asleep
1518 03 11 00 21 asleep
1518 10 19 00 30 asleep
1518 05 17 00 02 3011
1518 04 29 00 53 awaken
1518 09 07 00 26 asleep
1518 07 16 00 55 awaken
1518 04 07 00 02 1747
1518 03 12 00 21 asleep
1518 08 17 00 01 293
1518 09 29 00 02 613
1518 11 19 00 24 awaken
1518 04 04 00 05 asleep
1518 02 28 00 21 asleep
1518 11 21 00 37 awaken
1518 04 10 00 33 awaken
1518 07 28 00 03 asleep
1518 05 22 00 22 asleep
1518 03 07 00 36 asleep
1518 03 16 00 20 asleep
1518 06 16 00 54 awaken
1518 03 13 00 58 awaken
1518 10 27 00 15 awaken
1518 08 03 00 01 asleep
1518 08 18 00 03 1487
1518 09 23 00 52 awaken
1518 05 02 00 42 asleep
1518 04 07 00 53 asleep
1518 10 26 00 30 asleep
1518 07 02 00 39 awaken
1518 02 13 00 11 asleep
1518 10 28 23 59 2003
1518 11 21 00 59 awaken
1518 05 23 00 40 asleep
1518 07 25 00 38 awaken
1518 04 19 00 34 asleep
1518 03 21 00 50 awaken
1518 10 28 00 01 223
1518 09 04 00 38 awaken
1518 03 09 00 00 2803
1518 07 07 00 04 223
1518 11 03 00 00 3119
1518 09 03 00 00 asleep
1518 07 22 23 59 3137
1518 08 23 00 13 asleep
1518 10 02 00 14 asleep
1518 05 31 00 08 asleep
1518 08 16 00 34 asleep
1518 10 30 00 58 awaken
1518 07 17 00 10 asleep
1518 10 04 23 51 613
1518 05 06 00 30 awaken
1518 05 05 00 39 awaken
1518 06 29 00 21 asleep
1518 09 10 00 02 asleep
1518 08 18 00 22 asleep
1518 04 11 00 58 awaken
1518 06 29 00 54 awaken
1518 11 12 00 43 awaken
1518 08 19 00 52 asleep
1518 09 05 00 50 awaken
1518 11 02 00 49 awaken
1518 08 11 00 04 3137
1518 08 03 00 59 awaken
1518 06 17 00 34 asleep
1518 05 01 00 00 2003
1518 07 29 00 28 asleep
1518 04 23 00 01 asleep
1518 08 05 00 54 awaken
1518 07 21 00 00 503
1518 10 25 00 03 541
1518 11 01 00 01 1031
1518 03 22 00 44 awaken
1518 09 06 00 34 asleep
1518 07 27 00 18 asleep
1518 10 31 00 12 awaken
1518 04 27 00 53 awaken
1518 03 25 00 03 887
1518 09 21 00 56 asleep
1518 06 07 00 55 awaken
1518 06 14 00 00 223
1518 03 03 00 31 awaken
1518 11 01 23 48 613
1518 04 03 00 09 asleep
1518 06 15 00 52 awaken
1518 08 25 00 00 503
1518 08 21 00 17 asleep
1518 04 10 00 05 asleep
1518 04 30 00 51 asleep
1518 03 17 00 38 asleep
1518 07 14 23 58 1487
1518 10 06 23 50 503
1518 08 13 00 18 asleep
1518 09 07 00 04 1487
1518 02 13 00 32 awaken
1518 03 30 00 44 awaken
1518 06 15 00 59 awaken
1518 08 05 00 53 asleep
1518 10 23 00 59 awaken
1518 06 26 00 43 asleep
1518 08 07 00 28 awaken
1518 04 29 00 50 asleep
1518 05 04 00 04 1747
1518 07 07 00 48 asleep
1518 02 19 00 02 asleep
1518 06 05 00 24 asleep
1518 04 07 00 39 asleep
1518 03 18 00 25 asleep
1518 10 08 00 00 293
1518 04 28 00 57 awaken
1518 05 10 00 16 asleep
1518 10 02 00 51 awaken
1518 09 19 00 36 awaken
1518 10 27 00 39 awaken
1518 11 22 00 00 3137
1518 02 15 00 21 awaken
1518 03 17 00 56 awaken
1518 11 19 00 04 asleep
1518 09 30 00 49 awaken
1518 03 04 00 46 awaken
1518 03 08 00 54 awaken
1518 08 20 00 44 asleep
1518 02 25 00 14 asleep
1518 09 25 23 48 1487
1518 08 01 00 47 awaken
1518 04 07 00 54 awaken
1518 04 04 00 40 awaken
1518 09 17 00 54 asleep
1518 06 07 00 20 asleep
1518 10 14 00 24 asleep
1518 02 17 00 15 asleep
1518 02 10 00 19 awaken
1518 05 13 23 58 1567
1518 05 08 00 52 awaken
1518 11 21 00 29 awaken
1518 04 10 00 44 asleep
1518 04 27 00 18 asleep
1518 05 01 00 54 awaken
1518 04 23 00 59 awaken
1518 08 25 00 33 asleep
1518 02 24 00 29 awaken
1518 11 22 00 56 awaken
1518 09 18 00 01 3203
1518 03 21 00 02 431
1518 10 18 00 53 awaken
1518 02 28 00 59 awaken
1518 03 31 00 55 awaken
1518 09 10 00 29 awaken
1518 03 08 00 44 awaken
1518 07 26 00 01 3407
1518 06 14 00 18 awaken
1518 05 02 00 59 awaken
1518 03 18 23 58 3011
1518 03 21 00 56 asleep
1518 04 26 00 55 asleep
1518 09 15 00 13 asleep
1518 05 25 00 00 887
1518 09 01 00 04 223
1518 02 14 23 56 223
1518 10 17 00 03 asleep
1518 08 17 00 17 asleep
1518 09 27 00 04 asleep
1518 10 22 00 48 asleep
1518 02 14 00 57 awaken
1518 04 08 00 52 awaken
