-41933  10711  4 -1
 52766  10710 -5 -1
 10721 -31361 -1  3
-52401 -20843  5  2
 10666 -52404 -1  5
 31716 -20842 -3  2
-41914 -31366  4  3
-31393 -20845  3  2
 10706  21233 -1 -2
 21181 -31359 -2  3
-41881  42273  4 -4
 42240  10711 -4 -1
-10376 -20842  1  2
 42237  21233 -4 -2
 31716 -52404 -3  5
 42254 -41876 -4  4
-31406 -31364  3  3
-20871  21233  2 -2
 52740 -31362 -5  3
-20847 -52401  2  5
 31708  31754 -3 -3
 52755 -10319 -5  1
-41877 -31358  4  3
-31398 -31357  3  3
-41877  31749  4 -3
 21218 -31359 -2  3
-52410 -10324  5  1
 21225  42267 -2 -4
-10376  42273  1 -4
 52754 -31360 -5  3
-31355  31752  3 -3
 21181 -10323 -2  1
-52419 -41876  5  4
 42240  42275 -4 -4
-20853 -31366  2  3
-31389  31752  3 -3
 10713 -20843 -1  2
 10681 -31357 -1  3
 31749 -31366 -3  3
-10342  31748  1 -3
 42253  52786 -4 -5
-41876 -31362  4  3
-52436 -52401  5  5
-31381  10710  3 -1
-10376  10713  1 -1
-20863 -31365  2  3
 10713 -20842 -1  2
-20871 -41883  2  4
 10722 -20847 -1  2
 21189  42275 -2 -4
-20834  31751  2 -3
-10336  21237  1 -2
 10710  42273 -1 -4
-41917 -52404  4  5
 52754 -31364 -5  3
 10719  52790 -1 -5
-52431 -31364  5  3
 10680 -41876 -1  4
 21242  52789 -2 -5
 31737  52795 -3 -5
-52452  10716  5 -1
 10699  42272 -1 -4
 52759  10715 -5 -1
 21240  52786 -2 -5
 42252 -31357 -4  3
-20887  21237  2 -2
 31756  21231 -3 -2
 52762 -41882 -5  4
 42267  52791 -4 -5
 42270  52786 -4 -5
 42256 -52397 -4  5
-31397 -31362  3  3
-31382 -41880  3  4
-31390 -52403  3  5
 21218 -10327 -2  1
-10336 -52403  1  5
 21214  10710 -2 -1
 52746  10710 -5 -1
 31760  21229 -3 -2
-31358  31751  3 -3
 52786  52789 -5 -5
 31713 -41876 -3  4
 31721 -41879 -3  4
 31732 -52402 -3  5
 10705  52790 -1 -5
-31409 -10327  3  1
-52404  10719  5 -1
 21213 -41878 -2  4
 21241  21229 -2 -2
 31724 -52400 -3  5
-52396  21236  5 -2
-20869 -31362  2  3
-41909 -20840  4  2
 52786  21231 -5 -2
 42275  31755 -4 -3
-52399 -41882  5  4
-52444 -20844  5  2
 52770 -10322 -5  1
-52436  52794  5 -5
 10710  42269 -1 -4
-52396  31748  5 -3
 10720 -20847 -1  2
 31740 -31360 -3  3
 31720  42276 -3 -4
-52436  52788  5 -5
-20895  52790  2 -5
 21241 -31359 -2  3
-41933 -10328  4  1
-41898 -20842  4  2
-52399 -31365  5  3
-20853 -31362  2  3
-52436 -10322  5  1
-52396 -20840  5  2
 31756  52786 -3 -5
-20859 -31366  2  3
 31728 -52400 -3  5
-10375  31748  1 -3
 31716  42270 -3 -4
-31362 -52400  3  5
-41909 -10325  4  1
 52763 -41885 -5  4
 31736 -10320 -3  1
 10691 -31364 -1  3
 21202  21236 -2 -2
 31705 -10326 -3  1
 52772  21229 -5 -2
 10686 -31364 -1  3
-10320 -20841  1  2
-20847  42276  2 -4
 31708 -52400 -3  5
-10358  10710  1 -1
 42275  10716 -4 -1
-20879  10712  2 -1
 42255 -10320 -4  1
 21189  52794 -2 -5
 10686  31756 -1 -3
-31382  42269  3 -4
-10374  52790  1 -5
 10697  31748 -1 -3
 31749 -20843 -3  2
 31724 -31364 -3  3
-41909  21235  4 -2
-20895  42271  2 -4
 10699 -31357 -1  3
-20884 -10319  2  1
 42259  21233 -4 -2
 52791  21238 -5 -2
 52794 -10325 -5  1
-20875  21229  2 -2
 42222 -52404 -4  5
-10340 -10320  1  1
 52756  10714 -5 -1
 52791  42275 -5 -4
 21194  42276 -2 -4
 42248  31750 -4 -3
-20871 -41881  2  4
-31366 -52398  3  5
-10336 -10326  1  1
 42236  10714 -4 -1
-31397  52786  3 -5
-52444 -10319  5  1
 42254 -10323 -4  1
-10344 -20839  1  2
-41872 -52396  4  5
 42243  42273 -4 -4
-52410 -20843  5  2
-20847  42267  2 -4
 52781  10710 -5 -1
-52391 -41884  5  4
-41925 -52399  4  5
 42236 -31357 -4  3
-41880  21231  4 -2
 31761 -10326 -3  1
 42235  21238 -4 -2
-41933  10718  4 -1
-31413 -52400  3  5
 10679 -20838 -1  2
 42278 -20843 -4  2
-41888  52786  4 -5
-41916 -41881  4  4
-10317  21233  1 -2
-20860 -10319  2  1
-31374 -52395  3  5
-31413  31748  3 -3
 10702  42272 -1 -4
 21198  42267 -2 -4
-31395 -31362  3  3
 52758  21238 -5 -2
 10722 -41881 -1  4
 42260 -52400 -4  5
 52779 -52400 -5  5
 10711  21229 -1 -2
-31398 -20843  3  2
-41912 -10321  4  1
 42271  21229 -4 -2
 42279  42273 -4 -4
 42235  31757 -4 -3
-41914  31757  4 -3
 31719 -31362 -3  3
-41906 -52400  4  5
-10323 -41877  1  4
 42247  52790 -4 -5
 42278  10715 -4 -1
 10718 -52395 -1  5
-52428  21238  5 -2
 21209  52786 -2 -5
-52392  42271  5 -4
 10682  31757 -1 -3
 31740  42267 -3 -4
 31756 -10323 -3  1
 31752  31755 -3 -3
 52788 -52400 -5  5
 31750 -41885 -3  4
-41925  10713  4 -1
-20839  52790  2 -5
 10705  21233 -1 -2
-20847 -52400  2  5
-20871 -41885  2  4
 31700  52794 -3 -5
-31374 -20839  3  2
 21189 -10327 -2  1
 31724 -20841 -3  2
 42278  52791 -4 -5
 52778 -20847 -5  2
 42227  21233 -4 -2
-31390  42268  3 -4
 10662  10712 -1 -1
 42259 -10319 -4  1
-52391  10719  5 -1
-20890 -52403  2  5
 10678 -41878 -1  4
-20892  10710  2 -1
-52450  21229  5 -2
 52798  21235 -5 -2
-10371 -52402  1  5
 42237  52795 -4 -5
-52433  31748  5 -3
-10351  21229  1 -2
 52787 -20843 -5  2
 21213  52792 -2 -5
 42224  21231 -4 -2
 21241 -20841 -2  2
 52786  31753 -5 -3
-10367  21238  1 -2
-10376  52792  1 -5
 31744  52790 -3 -5
-20870 -20843  2  2
-20879 -20841  2  2
 10689 -52404 -1  5
 52775  21237 -5 -2
-10336  31748  1 -3
-41901 -41880  4  4
 42243  31753 -4 -3
 42270 -20847 -4  2
 21213 -20839 -2  2
-31406 -20845  3  2
-41906 -52400  4  5
-20866  10711  2 -1
-20839 -20843  2  2
 10699 -10322 -1  1
-52427 -20843  5  2
 42252 -41876 -4  4
-10357  31752  1 -3
 31732  31754 -3 -3
 42263  31748 -4 -3
 52794 -41880 -5  4
-41885  10716  4 -1
-52420 -52396  5  5
 42259 -20840 -4  2
 10674  31757 -1 -3
-10355  31751  1 -3
 10719 -20843 -1  2
 21197  42268 -2 -4
 31735  42272 -3 -4
 42240  31749 -4 -3
 21194  31757 -2 -3
 52763 -10328 -5  1
-41933 -52402  4  5
-52403 -10328  5  1
-41906  10710  4 -1
-41912 -31364  4  3
-20887  10717  2 -1
 31736  31748 -3 -3
 31756 -41884 -3  4
-41913  31752  4 -3
 31708  21233 -3 -2
-52404 -31366  5  3
 42262 -20847 -4  2
 31710 -20838 -3  2
 52770 -41881 -5  4
-52396  42275  5 -4
 52754  10713 -5 -1
-20894 -10324  2  1
 42277  31748 -4 -3
-31414  31749  3 -3
-20846 -52400  2  5
 21205 -10319 -2  1
 52796  10714 -5 -1
-41882  31752  4 -3
-10364 -52395  1  5
 31733  21229 -3 -2
-20866  21232  2 -2
 42276 -10328 -4  1
-31409 -31365  3  3
 42237  21229 -4 -2
 21217  52791 -2 -5
-41881  10714  4 -1
-31382 -10324  3  1
 42278  42267 -4 -4
-52409  42267  5 -4
-31366  31748  3 -3
-41893 -10319  4  1
 31724 -52404 -3  5
 10702 -31363 -1  3
-52451  10710  5 -1
-20895 -31364  2  3
 21184 -20843 -2  2
 42275  10719 -4 -1
 52748  52795 -5 -5
-20895  10711  2 -1
-52444 -20844  5  2
 31753 -10326 -3  1
 21186 -31363 -2  3
 21221 -10327 -2  1
-52404 -52397  5  5
-10323 -10325  1  1
 21201  31752 -2 -3
 10678 -20840 -1  2
 31721 -52403 -3  5
 42272  52795 -4 -5
 52794  10712 -5 -1
 10672  21238 -1 -2
 21215  31757 -2 -3
-31388 -20843  3  2
 21229 -52396 -2  5
 42224 -10325 -4  1
-10352 -41880  1  4
-52451 -41881  5  4
-52452 -20843  5  2
 52740 -52404 -5  5
 31748  31749 -3 -3
-41893 -31358  4  3
 10691 -20846 -1  2
-20859  31748  2 -3
 10662 -52396 -1  5
-20863  52789  2 -5
-31356 -31362  3  3
 21215 -10319 -2  1
-52420 -52400  5  5
-52394 -10328  5  1
-41877  42269  4 -4
-31388  42271  3 -4
-10347 -41882  1  4
 42259  52792 -4 -5
 42270 -20842 -4  2
 21202 -41882 -2  4
-52411 -52404  5  5
-41917  42267  4 -4
-20847 -41876  2  4
 31732  42274 -3 -4
 52757  31748 -5 -3
 31737 -20846 -3  2
 21237  52789 -2 -5
 21181  21238 -2 -2
 31745 -41885 -3  4
 42223 -52400 -4  5
 52791  21238 -5 -2
 52786  21231 -5 -2
-10324  21233  1 -2
 42223 -10324 -4  1
-52399 -31365  5  3
 10678  52790 -1 -5
 52746  52791 -5 -5
 42235 -52403 -4  5
-20851  10714  2 -1
-31388 -10328  3  1
-31390 -20838  3  2
-20874  42272  2 -4
-10339 -52397  1  5
 52783  52786 -5 -5